[{'acc': [[0.9333000183105469,
    0.9501000046730042,
    0.9614999890327454,
    0.9624000191688538,
    0.968500018119812,
    0.972000002861023,
    0.9695000052452087,
    0.9749000072479248,
    0.9735999703407288,
    0.9779000282287598,
    0.9775000214576721,
    0.9736999869346619,
    0.9779999852180481,
    0.9771999716758728,
    0.9753000140190125,
    0.9797000288963318,
    0.9786999821662903,
    0.9793999791145325,
    0.9775999784469604,
    0.9812999963760376,
    0.9812999963760376,
    0.9814000129699707,
    0.9786999821662903,
    0.9815000295639038,
    0.9803000092506409,
    0.9805999994277954,
    0.9793999791145325,
    0.9757999777793884,
    0.9803000092506409,
    0.9804999828338623,
    0.9815000295639038,
    0.9715999960899353,
    0.9818000197410583,
    0.9807000160217285,
    0.9797000288963318,
    0.9793000221252441,
    0.9836999773979187,
    0.9815000295639038,
    0.9764000177383423,
    0.9811999797821045],
   [0.9359999895095825,
    0.9483000040054321,
    0.9596999883651733,
    0.9632999897003174,
    0.9666000008583069,
    0.9721999764442444,
    0.9728999733924866,
    0.9731000065803528,
    0.9746999740600586,
    0.9768000245094299,
    0.9793000221252441,
    0.9786999821662903,
    0.9778000116348267,
    0.9775000214576721,
    0.9763000011444092,
    0.9797000288963318,
    0.9797999858856201,
    0.9776999950408936,
    0.9811000227928162,
    0.9800000190734863,
    0.9803000092506409,
    0.979200005531311,
    0.9775999784469604,
    0.9797000288963318,
    0.979200005531311,
    0.9811000227928162,
    0.979200005531311,
    0.978600025177002,
    0.980400025844574,
    0.9767000079154968,
    0.9800000190734863,
    0.9800000190734863,
    0.9821000099182129,
    0.9811999797821045,
    0.9817000031471252,
    0.9771000146865845,
    0.9811000227928162,
    0.9818999767303467,
    0.9793000221252441,
    0.9797000288963318],
   [0.9246000051498413,
    0.9488999843597412,
    0.9609000086784363,
    0.9670000076293945,
    0.9696999788284302,
    0.9704999923706055,
    0.9721999764442444,
    0.9735999703407288,
    0.9764000177383423,
    0.9764000177383423,
    0.977400004863739,
    0.978600025177002,
    0.9747999906539917,
    0.9775000214576721,
    0.9722999930381775,
    0.9782999753952026,
    0.9781000018119812,
    0.9782000184059143,
    0.9801999926567078,
    0.9790999889373779,
    0.9786999821662903,
    0.9793999791145325,
    0.9804999828338623,
    0.9771000146865845,
    0.9779999852180481,
    0.979200005531311,
    0.9817000031471252,
    0.9800000190734863,
    0.9805999994277954,
    0.9811999797821045,
    0.9804999828338623,
    0.9800000190734863,
    0.9801999926567078,
    0.9814000129699707,
    0.9821000099182129,
    0.9825000166893005,
    0.9819999933242798,
    0.9815000295639038,
    0.9815999865531921,
    0.9811000227928162]],
  'l2': 0.001},
 {'acc': [[0.9365000128746033,
    0.9563000202178955,
    0.9643999934196472,
    0.9690999984741211,
    0.9703999757766724,
    0.9749000072479248,
    0.9757000207901001,
    0.9781000018119812,
    0.9768000245094299,
    0.9726999998092651,
    0.9779000282287598,
    0.9807999730110168,
    0.98089998960495,
    0.98089998960495,
    0.9804999828338623,
    0.9805999994277954,
    0.9797000288963318,
    0.9811999797821045,
    0.980400025844574,
    0.98089998960495,
    0.9807999730110168,
    0.9815000295639038,
    0.9824000000953674,
    0.9815999865531921,
    0.9828000068664551,
    0.982699990272522,
    0.9829000234603882,
    0.9824000000953674,
    0.9825999736785889,
    0.9825000166893005,
    0.982200026512146,
    0.9815000295639038,
    0.9829999804496765,
    0.9824000000953674,
    0.9829999804496765,
    0.9811000227928162,
    0.9829999804496765,
    0.9825000166893005,
    0.9829999804496765,
    0.9829999804496765],
   [0.9334999918937683,
    0.9531000256538391,
    0.9639999866485596,
    0.9681000113487244,
    0.9699000120162964,
    0.9722999930381775,
    0.9747999906539917,
    0.9750999808311462,
    0.9763000011444092,
    0.9775000214576721,
    0.978600025177002,
    0.9779000282287598,
    0.9768999814987183,
    0.9750000238418579,
    0.9799000024795532,
    0.9800000190734863,
    0.9800999760627747,
    0.9797999858856201,
    0.9811000227928162,
    0.9805999994277954,
    0.9807000160217285,
    0.9793999791145325,
    0.9812999963760376,
    0.9800000190734863,
    0.980400025844574,
    0.9815999865531921,
    0.9811000227928162,
    0.9800000190734863,
    0.9810000061988831,
    0.9811000227928162,
    0.9817000031471252,
    0.9822999835014343,
    0.9818000197410583,
    0.9815000295639038,
    0.9810000061988831,
    0.9815000295639038,
    0.9814000129699707,
    0.9821000099182129,
    0.9817000031471252,
    0.9817000031471252],
   [0.9368000030517578,
    0.9545000195503235,
    0.9634000062942505,
    0.9656000137329102,
    0.9699000120162964,
    0.9736999869346619,
    0.9771999716758728,
    0.9775999784469604,
    0.9775000214576721,
    0.9794999957084656,
    0.9799000024795532,
    0.9794999957084656,
    0.979200005531311,
    0.9807999730110168,
    0.9794999957084656,
    0.98089998960495,
    0.980400025844574,
    0.9818999767303467,
    0.9801999926567078,
    0.9812999963760376,
    0.9807000160217285,
    0.9810000061988831,
    0.9815000295639038,
    0.9811999797821045,
    0.9805999994277954,
    0.9804999828338623,
    0.9821000099182129,
    0.9832000136375427,
    0.9810000061988831,
    0.9815000295639038,
    0.9822999835014343,
    0.9825000166893005,
    0.9815000295639038,
    0.983299970626831,
    0.9825000166893005,
    0.9821000099182129,
    0.9825999736785889,
    0.9835000038146973,
    0.9822999835014343,
    0.9828000068664551]],
  'l2': 0.0001},
 {'acc': [[0.9348999857902527,
    0.9556999802589417,
    0.9617000222206116,
    0.9682999849319458,
    0.9703999757766724,
    0.9742000102996826,
    0.973800003528595,
    0.9764000177383423,
    0.9764999747276306,
    0.9789999723434448,
    0.9799000024795532,
    0.9789999723434448,
    0.9801999926567078,
    0.9794999957084656,
    0.9794999957084656,
    0.9789000153541565,
    0.9803000092506409,
    0.980400025844574,
    0.9805999994277954,
    0.9815999865531921,
    0.9814000129699707,
    0.9811999797821045,
    0.98089998960495,
    0.9815999865531921,
    0.9815000295639038,
    0.9810000061988831,
    0.982200026512146,
    0.982200026512146,
    0.9812999963760376,
    0.9811000227928162,
    0.9818999767303467,
    0.9819999933242798,
    0.9822999835014343,
    0.9821000099182129,
    0.9817000031471252,
    0.9824000000953674,
    0.9817000031471252,
    0.9817000031471252,
    0.9822999835014343,
    0.9822999835014343],
   [0.9386000037193298,
    0.953499972820282,
    0.9614999890327454,
    0.9682000279426575,
    0.9706000089645386,
    0.9714999794960022,
    0.9751999974250793,
    0.9768000245094299,
    0.9767000079154968,
    0.9771999716758728,
    0.9793000221252441,
    0.9801999926567078,
    0.9803000092506409,
    0.978600025177002,
    0.9807000160217285,
    0.9797999858856201,
    0.9817000031471252,
    0.9812999963760376,
    0.9811000227928162,
    0.9810000061988831,
    0.980400025844574,
    0.9812999963760376,
    0.9818999767303467,
    0.9818000197410583,
    0.9818999767303467,
    0.9819999933242798,
    0.9818999767303467,
    0.9824000000953674,
    0.9814000129699707,
    0.9829999804496765,
    0.9824000000953674,
    0.9821000099182129,
    0.9822999835014343,
    0.9822999835014343,
    0.9828000068664551,
    0.9825000166893005,
    0.9824000000953674,
    0.9829000234603882,
    0.9829999804496765,
    0.982699990272522],
   [0.9412999749183655,
    0.9538000226020813,
    0.9627000093460083,
    0.9621000289916992,
    0.9704999923706055,
    0.9733999967575073,
    0.9732000231742859,
    0.9775999784469604,
    0.9779999852180481,
    0.9776999950408936,
    0.9787999987602234,
    0.9807000160217285,
    0.9810000061988831,
    0.9800999760627747,
    0.9812999963760376,
    0.98089998960495,
    0.9810000061988831,
    0.9817000031471252,
    0.9805999994277954,
    0.9817000031471252,
    0.9818999767303467,
    0.9819999933242798,
    0.9815999865531921,
    0.9825000166893005,
    0.9821000099182129,
    0.9825999736785889,
    0.982699990272522,
    0.9817000031471252,
    0.9822999835014343,
    0.982200026512146,
    0.982699990272522,
    0.9825000166893005,
    0.9825000166893005,
    0.982699990272522,
    0.9824000000953674,
    0.9818999767303467,
    0.9822999835014343,
    0.982699990272522,
    0.9832000136375427,
    0.9825999736785889]],
  'l2': 1e-05},
 {'acc': [[0.930400013923645,
    0.9517999887466431,
    0.9638000130653381,
    0.9664000272750854,
    0.9713000059127808,
    0.9733999967575073,
    0.9725000262260437,
    0.9775999784469604,
    0.9782999753952026,
    0.975600004196167,
    0.9779999852180481,
    0.9804999828338623,
    0.9790999889373779,
    0.9814000129699707,
    0.98089998960495,
    0.9781000018119812,
    0.9807999730110168,
    0.9800000190734863,
    0.9801999926567078,
    0.9812999963760376,
    0.9821000099182129,
    0.9818000197410583,
    0.9814000129699707,
    0.9821000099182129,
    0.9818999767303467,
    0.9824000000953674,
    0.9818000197410583,
    0.9819999933242798,
    0.9817000031471252,
    0.9814000129699707,
    0.9819999933242798,
    0.9817000031471252,
    0.9811999797821045,
    0.9815000295639038,
    0.9824000000953674,
    0.9818999767303467,
    0.9818999767303467,
    0.9814000129699707,
    0.9811999797821045,
    0.9818999767303467],
   [0.9316999912261963,
    0.9495999813079834,
    0.9628999829292297,
    0.965399980545044,
    0.9707000255584717,
    0.9732999801635742,
    0.9750000238418579,
    0.9782999753952026,
    0.9764999747276306,
    0.9783999919891357,
    0.9775000214576721,
    0.9800000190734863,
    0.9782999753952026,
    0.9812999963760376,
    0.9817000031471252,
    0.9812999963760376,
    0.9799000024795532,
    0.9819999933242798,
    0.9821000099182129,
    0.9821000099182129,
    0.983299970626831,
    0.9832000136375427,
    0.9825999736785889,
    0.9835000038146973,
    0.982200026512146,
    0.9825000166893005,
    0.982200026512146,
    0.9822999835014343,
    0.9825000166893005,
    0.9832000136375427,
    0.9833999872207642,
    0.9829000234603882,
    0.9836999773979187,
    0.9830999970436096,
    0.9829000234603882,
    0.982699990272522,
    0.983299970626831,
    0.9830999970436096,
    0.9832000136375427,
    0.9832000136375427],
   [0.9319999814033508,
    0.9559000134468079,
    0.9617000222206116,
    0.96670001745224,
    0.9735999703407288,
    0.9743000268936157,
    0.9732999801635742,
    0.9757000207901001,
    0.9771000146865845,
    0.9775999784469604,
    0.9807999730110168,
    0.9800999760627747,
    0.9800999760627747,
    0.9800000190734863,
    0.9797999858856201,
    0.9812999963760376,
    0.9818000197410583,
    0.9807000160217285,
    0.9810000061988831,
    0.98089998960495,
    0.9812999963760376,
    0.9815999865531921,
    0.9822999835014343,
    0.9810000061988831,
    0.982200026512146,
    0.9814000129699707,
    0.9815000295639038,
    0.9810000061988831,
    0.9817000031471252,
    0.9812999963760376,
    0.9810000061988831,
    0.9817000031471252,
    0.9818000197410583,
    0.9821000099182129,
    0.9818000197410583,
    0.9818000197410583,
    0.9822999835014343,
    0.9819999933242798,
    0.9822999835014343,
    0.9818999767303467]],
  'l2': 5e-06},
 {'acc': [[0.9333999752998352,
    0.9544000029563904,
    0.9624000191688538,
    0.9692000150680542,
    0.9711999893188477,
    0.9739999771118164,
    0.9745000004768372,
    0.9758999943733215,
    0.9772999882698059,
    0.9764000177383423,
    0.9793000221252441,
    0.9787999987602234,
    0.9807999730110168,
    0.9799000024795532,
    0.9804999828338623,
    0.9815999865531921,
    0.9818999767303467,
    0.9819999933242798,
    0.982200026512146,
    0.9811999797821045,
    0.9817000031471252,
    0.9815000295639038,
    0.9815000295639038,
    0.982200026512146,
    0.982200026512146,
    0.982699990272522,
    0.9818999767303467,
    0.9825000166893005,
    0.9825999736785889,
    0.9825000166893005,
    0.9819999933242798,
    0.9821000099182129,
    0.982699990272522,
    0.982699990272522,
    0.9821000099182129,
    0.9825999736785889,
    0.9829000234603882,
    0.9825999736785889,
    0.9825999736785889,
    0.9825999736785889],
   [0.9368000030517578,
    0.9549000263214111,
    0.955299973487854,
    0.9692000150680542,
    0.9711999893188477,
    0.9733999967575073,
    0.9749000072479248,
    0.9775999784469604,
    0.9761999845504761,
    0.9757000207901001,
    0.9746999740600586,
    0.9781000018119812,
    0.9779000282287598,
    0.9789999723434448,
    0.9796000123023987,
    0.980400025844574,
    0.98089998960495,
    0.9805999994277954,
    0.98089998960495,
    0.9797999858856201,
    0.9800000190734863,
    0.9799000024795532,
    0.9805999994277954,
    0.98089998960495,
    0.9804999828338623,
    0.9800000190734863,
    0.9807000160217285,
    0.98089998960495,
    0.9801999926567078,
    0.9799000024795532,
    0.9800999760627747,
    0.9811999797821045,
    0.98089998960495,
    0.9807999730110168,
    0.9804999828338623,
    0.9804999828338623,
    0.98089998960495,
    0.9804999828338623,
    0.9804999828338623,
    0.9801999926567078],
   [0.9369999766349792,
    0.953000009059906,
    0.9621999859809875,
    0.9684000015258789,
    0.9722999930381775,
    0.973800003528595,
    0.9725000262260437,
    0.9781000018119812,
    0.9767000079154968,
    0.9793000221252441,
    0.9776999950408936,
    0.9793999791145325,
    0.980400025844574,
    0.9811000227928162,
    0.9811999797821045,
    0.9817000031471252,
    0.9783999919891357,
    0.9815000295639038,
    0.9815999865531921,
    0.9814000129699707,
    0.9811000227928162,
    0.9815000295639038,
    0.9807000160217285,
    0.9825000166893005,
    0.9819999933242798,
    0.9817000031471252,
    0.9817000031471252,
    0.9815999865531921,
    0.9817000031471252,
    0.9815999865531921,
    0.9819999933242798,
    0.9815000295639038,
    0.9815000295639038,
    0.9818000197410583,
    0.9812999963760376,
    0.982200026512146,
    0.9812999963760376,
    0.9818000197410583,
    0.9818999767303467,
    0.9824000000953674]],
  'l2': 1e-06}]