luft/vikt, mjk, Starttemp, avg temp, w sum, d t 30, d t 60, d t 120
35.9, 99.0, 233.1, 233.7, 0.0, -2.1, -1.6, -1
35.0, 93.1, 225.7, 223.1, 0.0, -0.6, -1.1, 0
37.2, 95.5, 225.7, 223.1, 0.0, -0.6, -1.1, 0
40.9, 97.7, 225.7, 223.1, 0.0, -0.6, -1.1, 0
29.6, 93.0, 234.3, 232.3, 15698.7, -0.6, -0.1, 2
35.6, 97.7, 234.3, 232.3, 15698.7, -0.6, -0.1, 2
38.4, 99.0, 234.3, 232.3, 15698.7, -0.6, -0.1, 2
25.8, 88.0, 234.7, 236.2, 959.1, -0.4, 0.6, 3
33.8, 95.0, 234.7, 236.2, 959.1, -0.4, 0.6, 3
36.0, 95.5, 234.7, 236.2, 959.1, -0.4, 0.6, 3
36.6, 99.0, 234.4, 236.9, 2441.5, -0.8, -0.2, 2
36.5, 98.3, 232.9, 236.4, 1424.0, 0.0, 0.8, 3
27.2, 90.6, 234.4, 236.9, 2441.5, -0.8, -0.2, 2
36.6, 99.7, 234.4, 236.9, 2441.5, -0.8, -0.2, 2
27.1, 90.2, 238.5, 238.8, 3873.6, -0.6, 0.3, 2
29.0, 92.8, 238.5, 238.8, 3873.6, -0.6, 0.3, 2
31.2, 96.9, 238.5, 238.8, 3873.6, -0.6, 0.3, 2
21.8, 88.0, 235.0, 238.1, 6075.3, 1.1, 2.2, 5
33.4, 98.5, 235.0, 238.1, 6075.3, 1.1, 2.2, 5
21.7, 87.5, 233.3, 237.9, 6576.0, -0.5, 1.0, 4
25.7, 91.5, 233.3, 237.9, 6576.0, -0.5, 1.0, 4
32.9, 101.4, 233.3, 237.9, 6576.0, -0.5, 1.0, 4
20.2, 92.0, 231.8, 236.4, 1922.1, -1.2, -0.2, 2
28.2, 98.5, 231.8, 236.4, 1922.1, -1.2, -0.2, 2
28.3, 92.0, 239.9, 238.3, 7519.7, -0.5, -0.3, -1
32.3, 94.6, 239.9, 238.3, 7519.7, -0.5, -0.3, -1
35.0, 100.0, 239.9, 238.3, 7519.7, -0.5, -0.3, -1
19.4, 86.5, 235.7, 238.2, 10107.2, -0.2, 1.1, 4
25.3, 92.5, 235.7, 238.2, 10107.2, -0.2, 1.1, 4
29.2, 96.5, 235.7, 238.2, 10107.2, -0.2, 1.1, 4
31.7, 101.0, 235.7, 238.2, 10107.2, -0.2, 1.1, 4
20.9, 85.4, 235.3, 238.3, 8613.2, -0.2, 1.3, 4
24.8, 90.3, 235.3, 238.3, 8613.2, -0.2, 1.3, 4
30.6, 96.6, 235.3, 238.3, 8613.2, -0.2, 1.3, 4
30.9, 99.0, 235.3, 238.3, 8613.2, -0.2, 1.3, 4
25.3, 93.5, 230.3, 235.7, 820.5, -2.0, -1.0, 1
29.3, 97.5, 230.3, 235.7, 820.5, -2.0, -1.0, 1
33.2, 97.5, 230.3, 235.7, 820.5, -2.0, -1.0, 1
22.4, 93.0, 239.5, 238.2, 5523.6, 0.1, 1.0, 1
24.1, 95.0, 239.5, 238.2, 5523.6, 0.1, 1.0, 1
29.4, 100.5, 239.5, 238.2, 5523.6, 0.1, 1.0, 1
21.0, 86.3, 233.0, 237.6, 6163.3, -1.5, -0.6, 1
24.8, 93.0, 233.0, 237.6, 6163.3, -1.5, -0.6, 1
28.7, 95.0, 233.0, 237.6, 6163.3, -1.5, -0.6, 1
34.0, 98.0, 233.0, 237.6, 6163.3, -1.5, -0.6, 1
29.2, 94.7, 233.4, 236.4, 7537.7, 1.1, 2.3, 5
33.1, 98.8, 233.4, 236.4, 7537.7, 1.1, 2.3, 5
39.0, 100.2, 233.4, 236.4, 7537.7, 1.1, 2.3, 5
21.4, 87.0, 236.9, 238.4, 9603.3, 1.3, 2.5, 4
25.3, 91.0, 236.9, 238.4, 9603.3, 1.3, 2.5, 4
14.0, 80.0, 232.2, 237.3, 10688.6, -1.5, 0.1, 3
19.4, 88.4, 232.2, 237.3, 10688.6, -1.5, 0.1, 3
24.8, 95.9, 232.2, 237.3, 10688.6, -1.5, 0.1, 3
28.5, 98.2, 232.2, 237.3, 10688.6, -1.5, 0.1, 3
30.3, 98.2, 232.2, 237.3, 10688.6, -1.5, 0.1, 3
20.7, 85.1, 235.4, 238.1, 9485.7, 0.4, 1.9, 5
27.0, 91.5, 235.4, 238.1, 9485.7, 0.4, 1.9, 5
33.3, 98.3, 235.4, 238.1, 9485.7, 0.4, 1.9, 5
35.7, 101.0, 235.4, 238.1, 9485.7, 0.4, 1.9, 5
9.4, 72.7, 229.6, 227.2, 77.0, -2.0, -1.7, -1
22.7, 89.8, 229.6, 227.2, 77.0, -2.0, -1.7, -1
25.8, 92.6, 229.6, 227.2, 77.0, -2.0, -1.7, -1
28.1, 98.0, 229.6, 227.2, 77.0, -2.0, -1.7, -1
30.5, 99.7, 229.6, 227.2, 77.0, -2.0, -1.7, -1
5.7, 75.4, 234.7, 238.1, 3249.1, 0.5, 2.2, 6
17.6, 90.0, 234.7, 238.1, 12492.4, 0.5, 2.2, 6
23.5, 94.5, 234.7, 238.1, 12492.4, 0.5, 2.2, 6
31.5, 97.0, 234.7, 238.1, 12492.4, 0.5, 2.2, 6
37.2, 99.7, 234.7, 238.1, 12492.4, 0.5, 2.2, 6
23.6, 82.0, 231.3, 233.3, 6013.5, -0.7, 0.5, 3
29.6, 89.0, 231.3, 233.3, 6013.5, -0.7, 0.5, 3
19.5, 83.7, 234.6, 237.2, 7416.0, 0.5, 1.5, 4
29.3, 93.0, 234.6, 237.2, 7416.0, 0.5, 1.5, 4
37.0, 102.0, 234.6, 237.2, 7416.0, 0.5, 1.5, 4
25.0, 90.1, 228.4, 235.3, 2117.4, -1.4, -0.3, 2
28.9, 94.0, 228.4, 235.3, 2117.4, -1.4, -0.3, 2
38.0, 102.9, 228.4, 235.3, 2117.4, -1.4, -0.3, 2
